[2, 36, 1, 1, 10, 10, 3, 3, 0.25690484280707077]
[3, 36, 1, 1, 10, 10, 3, 3, 0.30541490000000004]
[3, 36, 0, 1, 10, 10, 3, 3, 0.3361878800364363]
[4, 36, 0, 1, 10, 10, 3, 3, 0.4027350123612204]
[4, 40, 0, 0, 10, 10, 3, 3, -0.030701550507546464]
[5, 40, 0, 0, 10, 10, 3, 3, -0.022925333690246293]
[2, 40, 0, 0, 10, 10, 3, 3, -0.023983692071080802]
[6, 40, 0, 0, 10, 10, 3, 3, -0.03215009852103915]
[7, 40, 0, 0, 10, 10, 3, 3, -0.03199163758190317]
[6, 40, 1, 0, 10, 10, 3, 3, -0.027804320747054752]
[7, 40, 1, 0, 10, 10, 3, 3, 0.011859233381868561]
[5, 40, 1, 0, 10, 10, 3, 3, 0.04713062428309159]
[7, 40, 2, 0, 10, 10, 3, 3, -0.022921648506651623]
[6, 40, 2, 0, 10, 10, 3, 3, -0.022777264575391098]
[8, 40, 2, 0, 10, 10, 3, 3, -0.021383248724446895]
[5, 40, 2, 0, 10, 10, 3, 3, -0.008750111111111111]
[9, 40, 2, 0, 10, 10, 3, 3, -0.017335541552908434]
[10, 40, 2, 0, 10, 10, 3, 3, -0.010619699574646464]
[11, 40, 2, 0, 10, 10, 3, 3, -0.004538282828282829]
[12, 40, 2, 0, 10, 10, 3, 3, -0.006094555555555556]
[13, 40, 2, 0, 10, 10, 3, 3, -0.001]
[2, 40, 1, 0, 10, 10, 3, 3, -0.008913747474747475]
[3, 40, 0, 0, 10, 10, 3, 3, -0.023983692071080802]
[4, 40, 1, 0, 10, 10, 3, 3, 0.06650724743471581]
[8, 40, 1, 0, 10, 10, 3, 3, -0.02325122812373747]
[5, 40, 1, 0, 10, 10, 3, 2, -0.008366272727272727]
[6, 40, 1, 0, 10, 10, 3, 2, -0.008750111111111111]
[5, 40, 0, 0, 10, 10, 3, 2, -0.034096268059723996]
[6, 40, 0, 0, 10, 10, 3, 2, -0.024538237443654645]
[6, 40, 0, 0, 10, 10, 2, 2, -0.02302133104047483]
[7, 40, 0, 0, 10, 10, 2, 2, -0.02188911522316882]
[8, 40, 0, 0, 10, 10, 2, 2, -0.021255895636551704]
[9, 40, 0, 0, 10, 10, 2, 2, -0.021994780065795402]
[11, 40, 0, 0, 10, 10, 2, 2, -0.018205578053834003]
[10, 40, 0, 0, 10, 10, 2, 2, -0.02164459947453353]
[5, 40, 0, 0, 10, 10, 2, 2, -0.02215547546309561]
[4, 40, 0, 0, 10, 10, 2, 2, -0.022047288821548404]
[3, 40, 0, 0, 10, 10, 2, 2, -0.025068255104450935]
[2, 40, 0, 0, 10, 10, 2, 2, -0.022540687963639592]
[1, 40, 0, 0, 10, 10, 2, 2, -0.019494520842509973]
[6, 40, 1, 0, 10, 10, 2, 2, -0.003819191919191919]
[5, 40, 1, 0, 10, 10, 2, 2, -0.002809090909090909]
[0, 40, 0, 0, 10, 10, 2, 2, -0.00201010101010101]
[2, 36, 0, 1, 10, 10, 2, 2, -0.0030202020202020202]
[7, 40, 1, 0, 10, 10, 2, 2, -0.002809090909090909]
[5, 40, 0, 0, 10, 10, 1, 2, -0.0317588251020959]
[6, 40, 0, 0, 10, 10, 1, 2, -0.019324774635977742]
[7, 40, 0, 0, 10, 10, 1, 2, -0.018234106289842185]
[8, 40, 0, 0, 10, 10, 1, 2, -0.019702046014974186]
[9, 40, 0, 0, 10, 10, 1, 2, -0.016131082489018282]
[10, 40, 0, 0, 10, 10, 1, 2, -0.009803382828282829]
[11, 40, 0, 0, 10, 10, 1, 2, -0.004728282828282828]
[4, 40, 0, 0, 10, 10, 1, 2, -0.014898191445464648]
[3, 40, 0, 0, 10, 10, 1, 2, -0.015592182354555556]
[2, 40, 0, 0, 10, 10, 1, 2, -0.006356464646464647]
[8, 36, 1, 1, 10, 10, 3, 3, 0.07829000000000001]
[8, 36, 0, 1, 10, 10, 3, 3, 0.07626979797979799]
[3, 40, 1, 0, 10, 10, 3, 3, 0.02071653937346466]
[9, 40, 1, 0, 10, 10, 3, 3, 0.08118550128899092]
[10, 40, 1, 0, 10, 10, 3, 3, 0.05514975313794759]
[11, 40, 1, 0, 10, 10, 3, 3, -0.007275656565656565]
[9, 40, 0, 0, 10, 10, 3, 3, -0.026681770867635905]
[8, 40, 0, 0, 10, 10, 3, 3, -0.026507722528384677]
[10, 40, 0, 0, 10, 10, 3, 3, -0.029800248929339388]
[5, 36, 1, 1, 10, 10, 3, 3, 0.24119000000000002]
[5, 36, 0, 1, 10, 10, 3, 3, 0.41084245751635456]
[0, 40, 0, 0, 10, 10, 3, 3, -0.005738383838383839]
[11, 40, 0, 0, 10, 10, 3, 3, -0.030200917052110865]
[10, 40, 0, 0, 10, 10, 3, 2, -0.026361843232323393]
[9, 40, 0, 0, 10, 10, 3, 2, -0.030122919217565772]
[7, 40, 0, 0, 10, 10, 3, 2, -0.013123848484848485]
[11, 40, 0, 0, 10, 10, 3, 2, -0.027700762696256948]
[4, 40, 0, 0, 10, 10, 3, 2, -0.010013030303030305]
[6, 40, 0, 0, 10, 10, 3, 1, -0.004030303030303031]
[11, 40, 0, 0, 10, 10, 3, 1, -0.019553488575757574]
[10, 40, 0, 0, 10, 10, 3, 1, -0.004030303030303031]
[5, 40, 0, 0, 10, 10, 3, 1, -0.00201010101010101]
[5, 54, 1, 1, 10, 10, 3, 3, -0.001]
[7, 54, 1, 1, 10, 10, 3, 3, -0.00271]
[7, 54, 0, 1, 10, 10, 3, 3, -0.001]
[8, 54, 0, 1, 10, 10, 3, 3, -0.00392020202020202]
[8, 60, 0, 0, 10, 10, 3, 3, -0.008184747474747475]
[7, 60, 0, 0, 10, 10, 3, 3, -0.01850113876656566]
[6, 60, 0, 0, 10, 10, 3, 3, -0.03000985424778791]
[4, 60, 0, 0, 10, 10, 3, 3, -0.027792912476769203]
[5, 60, 0, 0, 10, 10, 3, 3, -0.01850113876656566]
[2, 60, 0, 0, 10, 10, 3, 3, -0.010386474747474748]
[4, 60, 1, 0, 10, 10, 3, 3, -0.003819191919191919]
[5, 60, 1, 0, 10, 10, 3, 3, -0.013092221254555558]
[3, 60, 1, 0, 10, 10, 3, 3, -0.006912737373737375]
[7, 60, 1, 0, 10, 10, 3, 3, 0.017482182311181066]
[9, 60, 1, 0, 10, 10, 3, 3, -0.008231564646464648]
[8, 60, 1, 0, 10, 10, 3, 3, 0.025182974848322423]
[6, 60, 1, 0, 10, 10, 3, 3, 0.016440433847156773]
[12, 40, 0, 0, 10, 10, 3, 3, -0.029650893627698096]
[13, 40, 0, 0, 10, 10, 3, 3, -0.005738383838383839]
[14, 40, 0, 0, 10, 10, 3, 3, -0.010386474747474748]
[12, 40, 0, 0, 10, 10, 3, 2, -0.012232236464646464]
[14, 40, 0, 0, 10, 10, 3, 2, -0.014162918665555555]
[15, 40, 0, 0, 10, 10, 3, 2, -0.00865920202020202]
[16, 40, 0, 0, 10, 10, 3, 2, -0.006356464646464647]
[15, 40, 1, 0, 10, 10, 3, 2, -0.008231564646464648]
[14, 40, 1, 0, 10, 10, 3, 2, -0.005447373737373738]
[11, 90, 1, 1, 10, 10, 3, 3, 0.07829000000000001]
[11, 90, 0, 1, 10, 10, 3, 3, 0.07626979797979799]
[8, 100, 0, 0, 10, 10, 3, 3, -0.01720104082929293]
[10, 100, 0, 0, 10, 10, 3, 3, -0.014151428383838385]
[7, 100, 0, 0, 10, 10, 3, 3, -0.01720104082929293]
[9, 100, 0, 0, 10, 10, 3, 3, -0.008184747474747475]
[9, 100, 0, 0, 10, 10, 3, 2, -0.008184747474747475]
[10, 100, 0, 0, 10, 10, 3, 2, -0.010386474747474748]
[9, 100, 0, 0, 10, 10, 3, 1, -0.021672077635573838]
[8, 100, 0, 0, 10, 10, 3, 1, -0.02612217511531086]
[10, 100, 0, 0, 10, 10, 3, 1, -0.025165174415959286]
[11, 100, 0, 0, 10, 10, 3, 1, -0.005738383838383839]
[7, 100, 0, 0, 10, 10, 3, 1, -0.015756487565656566]
[12, 36, 1, 1, 10, 10, 3, 3, -0.001]
[10, 36, 1, 1, 10, 10, 3, 3, 0.07554079797979799]
[10, 36, 0, 1, 10, 10, 3, 3, 0.6319365613508556]
[11, 36, 0, 1, 10, 10, 3, 3, 0.6920989567734753]
[9, 36, 0, 1, 10, 10, 3, 3, 0.6668898251118952]
[2, 40, 0, 0, 10, 10, 3, 3, -0.0417551448741132]
[1, 40, 0, 0, 10, 10, 3, 3, 0.05098662527682331]
[0, 40, 0, 0, 10, 10, 3, 3, -0.07088395953762587]
[2, 36, 0, 1, 10, 10, 3, 3, 0.656433365391692]
[1, 36, 0, 1, 10, 10, 3, 3, 0.5098418239316426]
[3, 40, 0, 0, 10, 10, 3, 3, -0.05592246767026332]
[4, 40, 0, 0, 10, 10, 3, 3, -0.07678148544671277]
[4, 40, 0, 0, 10, 10, 3, 2, -0.02159706474747475]
[4, 40, 0, 0, 10, 10, 3, 1, -0.009576767676767678]
[6, 40, 0, 0, 10, 10, 3, 1, -0.015313747474747478]
[16, 162, 1, 1, 10, 10, 3, 3, -0.00392020202020202]
[17, 180, 1, 0, 10, 10, 3, 3, -0.015218331738383838]
[18, 180, 1, 0, 10, 10, 3, 3, -0.018738083918200102]
[18, 180, 0, 0, 10, 10, 3, 3, -0.025165174415959286]
[16, 180, 0, 0, 10, 10, 3, 3, -0.02877946618133674]
[15, 180, 0, 0, 10, 10, 3, 3, -0.02944601667071416]
[17, 180, 0, 0, 10, 10, 3, 3, -0.025165174415959286]
[14, 180, 0, 0, 10, 10, 3, 3, -0.02944601667071416]
[13, 180, 0, 0, 10, 10, 3, 3, -0.02072430623930202]
[12, 180, 0, 0, 10, 10, 3, 3, -0.015756487565656566]
[11, 180, 0, 0, 10, 10, 3, 3, -0.012368029292929295]
[20, 180, 0, 0, 10, 10, 3, 3, -0.005738383838383839]
[19, 180, 0, 0, 10, 10, 3, 3, -0.010386474747474748]
[16, 180, 1, 0, 10, 10, 3, 3, -0.018735632602938382]
[20, 180, 1, 0, 10, 10, 3, 3, -0.009477383838383839]
[10, 180, 1, 0, 10, 10, 3, 3, -0.01729553151283701]
[11, 180, 1, 0, 10, 10, 3, 3, -0.014684361920669457]
[8, 180, 1, 0, 10, 10, 3, 3, -0.005447373737373738]
[9, 180, 1, 0, 10, 10, 3, 3, -0.004437272727272727]
[12, 180, 1, 0, 10, 10, 3, 3, -0.01231346693828283]
[13, 180, 1, 0, 10, 10, 3, 3, -0.005447373737373738]
[9, 180, 0, 0, 10, 10, 3, 3, -0.011901395646464646]
[8, 180, 0, 0, 10, 10, 3, 3, -0.011843246565656567]
[6, 180, 0, 0, 10, 10, 3, 3, -0.0062655555555555555]
[7, 180, 0, 0, 10, 10, 3, 3, -0.011841750191919194]
[2, 36, 1, 1, 10, 10, 3, 3, 0.16756100000000002]
[3, 36, 1, 1, 10, 10, 3, 3, 0.371616180447329]
[3, 36, 0, 1, 10, 10, 3, 3, 0.5979295787100183]
[10, 40, 0, 0, 10, 10, 3, 3, -0.03384575767647313]
[8, 40, 0, 0, 10, 10, 3, 3, -0.04886264458877397]
[8, 36, 0, 1, 10, 10, 3, 3, 0.5139434539063251]
[10, 40, 1, 0, 10, 10, 3, 3, -0.03452402655685814]
[11, 40, 1, 0, 10, 10, 3, 3, -0.031320834549789754]
[9, 40, 1, 0, 10, 10, 3, 3, -0.019952597666666665]
[8, 40, 1, 0, 10, 10, 3, 3, 0.054796298944679515]
[12, 40, 1, 0, 10, 10, 3, 3, 0.06303109470908182]
[10, 40, 2, 0, 10, 10, 3, 3, -0.01903322268298823]
[11, 40, 2, 0, 10, 10, 3, 3, -0.017360367053437364]
[14, 40, 2, 0, 10, 10, 3, 3, -0.017154670789927738]
[9, 40, 2, 0, 10, 10, 3, 3, -0.020967247643897576]
[12, 40, 2, 0, 10, 10, 3, 3, -0.017316392252707636]
[8, 40, 2, 0, 10, 10, 3, 3, -0.012745396656565657]
[7, 40, 2, 0, 10, 10, 3, 3, -0.011671778474747475]
[13, 40, 2, 0, 10, 10, 3, 3, -0.013812887501232246]
[9, 36, 1, 1, 10, 10, 3, 3, 0.0791]
[2, 40, 1, 0, 10, 10, 3, 3, -0.001]
[5, 40, 0, 0, 10, 10, 3, 3, -0.05982748402071411]
[6, 40, 0, 0, 10, 10, 3, 3, -0.06238562357359243]
[7, 40, 0, 0, 10, 10, 3, 3, -0.028731262881143943]
[6, 72, 1, 1, 10, 10, 3, 3, 0.190853207979798]
[7, 72, 1, 1, 10, 10, 3, 3, -0.0019000000000000002]
[8, 72, 1, 1, 10, 10, 3, 3, 0.14631197070707072]
[6, 80, 1, 0, 10, 10, 3, 3, -0.008913747474747475]
[7, 80, 1, 0, 10, 10, 3, 3, -0.001]
[7, 80, 0, 0, 10, 10, 3, 3, -0.02159043577250046]
[5, 80, 0, 0, 10, 10, 3, 3, -0.01850113876656566]
[6, 80, 0, 0, 10, 10, 3, 3, -0.02247251068383406]
[4, 80, 0, 0, 10, 10, 3, 3, -0.009376373737373737]
[8, 80, 0, 0, 10, 10, 3, 3, -0.02028426115008292]
[9, 80, 0, 0, 10, 10, 3, 3, -0.020158693796886226]
[11, 80, 0, 0, 10, 10, 3, 3, -0.02033940009726674]
[8, 80, 1, 0, 10, 10, 3, 3, -0.001]
[10, 80, 0, 0, 10, 10, 3, 3, -0.020145352695570513]
[12, 80, 0, 0, 10, 10, 3, 3, -0.023100490267577534]
[9, 80, 0, 0, 10, 10, 2, 3, -0.020258438640591035]
[8, 80, 0, 0, 10, 10, 2, 3, -0.02038778086972416]
[10, 80, 0, 0, 10, 10, 2, 3, -0.021784987070196764]
[6, 80, 0, 0, 10, 10, 2, 3, -0.021372247340875925]
[4, 80, 0, 0, 10, 10, 2, 3, -0.02283329802469402]
[5, 80, 0, 0, 10, 10, 2, 3, -0.02141055721757702]
[3, 80, 0, 0, 10, 10, 2, 3, -0.021540329844820853]
[2, 80, 0, 0, 10, 10, 2, 3, -0.016759142341183985]
[6, 80, 0, 0, 10, 10, 1, 3, -0.026205574490083906]
[4, 80, 0, 0, 10, 10, 1, 3, -0.024314470605399357]
[3, 80, 0, 0, 10, 10, 1, 3, -0.02644076822400219]
[1, 80, 0, 0, 10, 10, 1, 3, 0.01632623649566374]
[2, 80, 0, 0, 10, 10, 1, 3, -0.027014833356939064]
[0, 80, 0, 0, 10, 10, 1, 3, -0.003819191919191919]
[6, 72, 0, 1, 10, 10, 1, 3, 0.1416967181818182]
[4, 72, 0, 1, 10, 10, 1, 3, -0.0030202020202020202]
[7, 80, 0, 0, 10, 10, 1, 3, -0.030944702671220348]
[8, 80, 0, 0, 10, 10, 1, 3, -0.0362492613570596]
[9, 80, 0, 0, 10, 10, 1, 3, -0.032029544081839015]
[10, 80, 0, 0, 10, 10, 1, 3, -0.03590379605297194]
[12, 80, 0, 0, 10, 10, 1, 3, -0.024942160972856668]
[11, 80, 0, 0, 10, 10, 1, 3, -0.03673733510487766]
[8, 80, 1, 0, 10, 10, 1, 3, -0.0030202020202020202]
[7, 80, 1, 0, 10, 10, 1, 3, -0.005346363636363637]
[7, 72, 0, 1, 10, 10, 1, 3, 0.25948441142424244]
[8, 72, 0, 1, 10, 10, 1, 3, 0.23381876353535358]
[10, 72, 0, 1, 10, 10, 1, 3, 0.06305796969696971]
[5, 80, 0, 0, 10, 10, 1, 3, -0.0251152679682655]
[6, 72, 0, 1, 10, 10, 3, 3, 0.14087853636363637]
[7, 72, 0, 1, 10, 10, 3, 3, -0.0030202020202020202]
[14, 80, 0, 0, 10, 10, 3, 3, -0.02059388955511193]
[13, 80, 0, 0, 10, 10, 3, 3, -0.024293509314445582]
[12, 80, 0, 0, 10, 10, 3, 2, -0.017572835455268616]
[11, 80, 0, 0, 10, 10, 3, 2, -0.0062655555555555555]
[13, 80, 0, 0, 10, 10, 3, 2, -0.01725241270160241]
[14, 80, 0, 0, 10, 10, 3, 2, -0.006912737373737375]
[15, 80, 0, 0, 10, 10, 3, 2, 0.0981909090909091]
[7, 36, 1, 1, 10, 10, 3, 3, 0.19251686697979803]
[6, 36, 1, 1, 10, 10, 3, 3, 0.08810000000000001]
[6, 36, 0, 1, 10, 10, 3, 3, 0.445428898930496]
[11, 40, 0, 0, 10, 10, 3, 3, -0.08178660213745881]
[5, 40, 0, 0, 10, 10, 2, 3, 0.020454593136324712]
[6, 40, 0, 0, 10, 10, 2, 3, -0.05602385911787559]
[7, 40, 0, 0, 10, 10, 2, 3, -0.022752445605973184]
[4, 40, 0, 0, 10, 10, 2, 3, -0.12220883522247512]
[10, 90, 1, 1, 10, 10, 3, 3, -0.0019000000000000002]
[8, 90, 1, 1, 10, 10, 3, 3, 0.4117744202636273]
[8, 100, 1, 0, 10, 10, 3, 3, 0.28019942119858005]
[10, 100, 1, 0, 10, 10, 3, 3, 0.08352490221127373]
[8, 100, 0, 0, 10, 10, 3, 3, -0.020390666382991644]
[7, 100, 0, 0, 10, 10, 3, 3, -0.02328017535138661]
[6, 100, 0, 0, 10, 10, 3, 3, -0.027512185642909366]
[4, 100, 0, 0, 10, 10, 3, 3, -0.0272764536686807]
[9, 100, 0, 0, 10, 10, 3, 3, -0.02948320079455451]
[10, 100, 0, 0, 10, 10, 3, 3, -0.026622754751625486]
[5, 100, 0, 0, 10, 10, 3, 3, -0.024550001154865293]
[11, 100, 0, 0, 10, 10, 3, 3, -0.023783042777472514]
[12, 100, 0, 0, 10, 10, 3, 3, -0.015787826098933092]
[13, 100, 0, 0, 10, 10, 3, 3, 0.03616065614987344]
[14, 100, 0, 0, 10, 10, 3, 3, -0.013092221254555558]
[16, 100, 0, 0, 10, 10, 3, 3, -0.01231346693828283]
[15, 100, 0, 0, 10, 10, 3, 3, -0.009418509191919193]
[17, 100, 0, 0, 10, 10, 3, 3, -0.005447373737373738]
[4, 54, 1, 1, 10, 10, 3, 3, 0.5041196926267908]
[6, 54, 1, 1, 10, 10, 3, 3, 0.3207524930718182]
[6, 60, 1, 0, 10, 10, 3, 3, -0.03276824305151515]
[6, 60, 0, 0, 10, 10, 3, 3, -0.025085885818419074]
[5, 60, 0, 0, 10, 10, 3, 3, -0.03344964362134388]
[4, 60, 0, 0, 10, 10, 3, 3, -0.03941012547748179]
[3, 60, 0, 0, 10, 10, 3, 3, -0.05625256947634132]
[2, 60, 0, 0, 10, 10, 3, 3, -0.034398579435566554]
[1, 60, 0, 0, 10, 10, 3, 3, 0.008727262918515333]
[8, 60, 0, 0, 10, 10, 3, 3, -0.02374725858170674]
[5, 54, 0, 1, 10, 10, 3, 3, 0.5641695636088205]
[6, 54, 0, 1, 10, 10, 3, 3, 0.5326946811329784]
[8, 54, 0, 1, 10, 10, 3, 3, 0.4287180771930304]
[0, 60, 0, 0, 10, 10, 3, 3, -0.05924281327910089]
[4, 54, 0, 1, 10, 10, 3, 3, 0.7161474893788177]
[7, 60, 0, 0, 10, 10, 3, 3, -0.024503970992858694]
[9, 60, 0, 0, 10, 10, 3, 3, -0.023881971157433263]
[2, 60, 1, 0, 10, 10, 3, 3, -0.0150551]
[1, 60, 1, 0, 10, 10, 3, 3, 0.0503381985853184]
[3, 54, 0, 1, 10, 10, 3, 3, 0.347602361920303]
[2, 54, 1, 1, 10, 10, 3, 3, 0.41975761773221315]
[0, 60, 1, 0, 10, 10, 3, 3, -0.024309781919191923]
[3, 54, 1, 1, 10, 10, 3, 3, 0.42464221039505046]
[7, 60, 1, 0, 10, 10, 3, 3, -0.00719629444793027]
[3, 60, 1, 0, 10, 10, 3, 3, -0.053698960008854664]
[4, 60, 1, 0, 10, 10, 3, 3, 0.039746410090150064]
[5, 60, 1, 0, 10, 10, 3, 3, -0.027496403424046967]
[2, 54, 0, 1, 10, 10, 3, 2, 0.2790585144545455]
[3, 54, 0, 1, 10, 10, 3, 2, 0.17616651616161616]
[3, 60, 0, 0, 10, 10, 3, 2, -0.03001991558345669]
[2, 60, 0, 0, 10, 10, 3, 2, -0.03201098787737715]
[7, 60, 0, 0, 10, 10, 3, 2, -0.022720126014217454]
[8, 60, 0, 0, 10, 10, 3, 2, -0.03617396809608571]
[6, 60, 0, 0, 10, 10, 3, 2, -0.024549981454247197]
[6, 54, 0, 1, 10, 10, 3, 2, 0.739121170875942]
[5, 54, 0, 1, 10, 10, 3, 2, 0.6061053000656067]
[5, 60, 0, 0, 10, 10, 3, 2, 0.016179457819157885]
[4, 60, 0, 0, 10, 10, 3, 2, -0.031765958059867094]
[9, 60, 0, 0, 10, 10, 3, 2, -0.0218498151948422]
[6, 60, 0, 0, 10, 10, 3, 1, -0.05201478191919193]
[5, 60, 0, 0, 10, 10, 3, 1, -0.03499005637547299]
[2, 60, 0, 0, 10, 10, 3, 1, -0.034392240829447515]
[7, 60, 0, 0, 10, 10, 3, 1, -0.08999992674834323]
[4, 36, 1, 1, 10, 10, 3, 3, 0.08729]
[7, 36, 0, 1, 10, 10, 3, 3, 0.556286813141474]
[5, 36, 0, 1, 10, 10, 3, 3, 0.28841546314252525]
[9, 40, 0, 0, 10, 10, 3, 3, -0.03176192086757249]
[12, 40, 0, 0, 10, 10, 3, 3, -0.06536804993272806]
[12, 36, 0, 1, 10, 10, 3, 3, 0.5249407017646671]
[13, 40, 0, 0, 10, 10, 3, 3, -0.05067296568079017]
[11, 32, 0, 2, 10, 10, 3, 3, 0.15381525252525252]
[10, 32, 0, 2, 10, 10, 3, 3, 0.15179505050505052]
[13, 36, 0, 1, 10, 10, 3, 3, 0.4246329101665566]
[8, 36, 1, 1, 10, 10, 3, 3, 0.36387341000000006]
[14, 40, 0, 0, 10, 10, 3, 3, -0.04874838185747475]
[14, 36, 0, 1, 10, 10, 3, 3, 0.5798568400814748]
[9, 40, 0, 0, 10, 10, 3, 2, -0.09065539950328566]
[10, 40, 0, 0, 10, 10, 3, 2, 0.009404994466644515]
[11, 40, 0, 0, 10, 10, 3, 2, -0.09501445232540608]
[12, 40, 0, 0, 10, 10, 3, 2, -0.08008453687145914]
[7, 40, 0, 0, 10, 10, 3, 2, -0.03324247373737374]
[9, 36, 0, 1, 10, 10, 3, 2, 0.4540393606758253]
[8, 36, 0, 1, 10, 10, 3, 2, 0.39649688671828287]
[11, 36, 0, 1, 10, 10, 3, 2, -0.011101010101010101]
[5, 36, 1, 1, 10, 10, 3, 3, 0.24119000000000002]
[7, 40, 1, 0, 10, 10, 3, 3, 0.14309900536363637]
[5, 40, 1, 0, 10, 10, 3, 3, 0.18905733753635354]
[4, 40, 1, 0, 10, 10, 3, 3, 0.05471358686868687]
[3, 40, 1, 0, 10, 10, 3, 3, 0.02034674519685959]
[6, 40, 1, 0, 10, 10, 3, 3, -0.02908711878676768]
[5, 40, 2, 0, 10, 10, 3, 2, -0.009576767676767678]
[6, 40, 2, 0, 10, 10, 3, 2, -0.031156461908684957]
[7, 40, 2, 0, 10, 10, 3, 2, -0.027217606185976788]
[7, 40, 3, 0, 10, 10, 3, 1, -0.019923436414211772]
[6, 40, 3, 0, 10, 10, 3, 1, -0.02154372898808974]
[8, 40, 3, 0, 10, 10, 3, 1, -0.015126167919202023]
[5, 40, 3, 0, 10, 10, 3, 1, -0.009913483838383839]
[4, 40, 3, 0, 10, 10, 3, 1, -0.019654101593788754]
[3, 40, 3, 0, 10, 10, 3, 1, -0.021632353365331904]
[2, 40, 3, 0, 10, 10, 3, 1, 0.07272615975844722]
[1, 40, 3, 0, 10, 10, 3, 1, -0.003912020202020203]
[0, 40, 3, 0, 10, 10, 3, 1, -0.0016089898989898994]
[2, 36, 3, 1, 10, 10, 3, 1, 0.087089898989899]
[3, 36, 3, 1, 10, 10, 3, 1, 0.3208601129708081]
[5, 36, 3, 1, 10, 10, 3, 1, 0.14001479898989902]
[4, 36, 3, 1, 10, 10, 3, 1, -0.005839393939393939]
[3, 40, 4, 0, 10, 10, 3, 1, -0.00522483474839485]
[4, 40, 4, 0, 10, 10, 3, 1, -0.025424277157802322]
[5, 40, 4, 0, 10, 10, 3, 1, -0.014300661682310615]
[2, 40, 4, 0, 10, 10, 3, 1, -0.02258682826311191]
[3, 36, 4, 1, 10, 10, 3, 1, 0.4655455718597889]
[4, 36, 4, 1, 10, 10, 3, 1, 0.06940176868686869]
[8, 40, 4, 0, 10, 10, 3, 1, -0.011273343434343438]
[8, 40, 5, 0, 10, 10, 3, 1, -0.0353363044725055]
[7, 40, 5, 0, 10, 10, 3, 1, -0.013987679277887879]
[9, 40, 5, 0, 10, 10, 3, 1, -0.025315219254709413]
[10, 40, 5, 0, 10, 10, 3, 1, -0.01725363040404041]
[5, 36, 5, 1, 10, 10, 3, 1, 0.07281525252525253]
[7, 36, 5, 1, 10, 10, 3, 1, -0.00775858585858586]
[3, 40, 5, 0, 10, 10, 3, 1, -0.008184747474747475]
[4, 40, 5, 0, 10, 10, 3, 1, -0.010560441859486154]
[4, 40, 5, 0, 10, 10, 2, 1, -0.01578079093466662]
[5, 40, 5, 0, 10, 10, 2, 1, -0.014045665241004963]
[3, 40, 5, 0, 10, 10, 2, 1, -0.016123925304443492]
[2, 40, 5, 0, 10, 10, 2, 1, -0.009372857180523334]
[5, 72, 1, 1, 10, 10, 3, 3, 0.16829000000000002]
[12, 80, 1, 0, 10, 10, 3, 3, -0.001]
[15, 80, 0, 0, 10, 10, 3, 3, -0.010677691010101012]
[7, 80, 0, 0, 10, 10, 2, 3, -0.01933411551039483]
[1, 80, 0, 0, 10, 10, 2, 3, -0.005447373737373738]
[0, 80, 0, 0, 10, 10, 2, 3, -0.003819191919191919]
[6, 72, 0, 1, 10, 10, 2, 3, -0.0019000000000000002]
[7, 72, 0, 1, 10, 10, 2, 3, -0.0030202020202020202]
[12, 80, 0, 0, 10, 10, 2, 3, -0.02085709580385212]
[13, 80, 0, 0, 10, 10, 2, 3, -0.02327975602932811]
[11, 80, 0, 0, 10, 10, 2, 3, -0.022532915926686863]
[14, 80, 0, 0, 10, 10, 2, 3, -0.02216659085156058]
[15, 80, 0, 0, 10, 10, 2, 3, -0.020168921741605207]
[16, 80, 0, 0, 10, 10, 2, 3, -0.021212942273053734]
[17, 80, 0, 0, 10, 10, 2, 3, -0.021636915028533335]
[19, 80, 0, 0, 10, 10, 2, 3, -0.02006434334721987]
[20, 80, 0, 0, 10, 10, 2, 3, -0.003819191919191919]
[18, 80, 0, 0, 10, 10, 2, 3, -0.010486759282828283]
[18, 80, 1, 0, 10, 10, 2, 3, -0.003819191919191919]
[19, 80, 1, 0, 10, 10, 2, 3, -0.005166272727272728]
[11, 80, 1, 0, 10, 10, 2, 3, 0.09830723817757828]
[12, 80, 1, 0, 10, 10, 2, 3, -0.016376252347661453]
[10, 80, 1, 0, 10, 10, 2, 3, -0.004274143746693468]
[13, 80, 1, 0, 10, 10, 2, 3, 0.05081743535353537]
[14, 80, 1, 0, 10, 10, 2, 3, -0.006912737373737375]
[9, 80, 1, 0, 10, 10, 2, 3, 0.24132946865233856]
[8, 80, 1, 0, 10, 10, 2, 3, 0.06058653306171717]
[7, 80, 1, 0, 10, 10, 2, 3, -0.003819191919191919]
[8, 40, 0, 0, 10, 10, 2, 3, -0.02171574804024006]
[8, 40, 1, 0, 10, 10, 2, 3, -0.008231564646464648]
[7, 40, 1, 0, 10, 10, 2, 3, 0.024048476328258656]
[6, 40, 1, 0, 10, 10, 2, 3, -0.014423891135381922]
[4, 40, 1, 0, 10, 10, 2, 3, -0.003601213528016122]
[3, 40, 1, 0, 10, 10, 2, 3, 0.017587959469798995]
[1, 40, 1, 0, 10, 10, 2, 3, -0.003819191919191919]
[5, 40, 1, 0, 10, 10, 2, 3, 0.03286967648249775]
[9, 40, 1, 0, 10, 10, 2, 3, 0.031032106676304627]
[11, 40, 1, 0, 10, 10, 2, 3, -0.009418509191919193]
[10, 40, 1, 0, 10, 10, 2, 3, -0.016376252347661453]
[9, 40, 0, 0, 10, 10, 2, 3, -0.011164973838383838]
[10, 108, 1, 1, 10, 10, 3, 3, 0.21541490000000002]
[9, 108, 1, 1, 10, 10, 3, 3, 0.08900000000000001]
[9, 108, 0, 1, 10, 10, 3, 3, 0.2047704807070707]
[10, 120, 0, 0, 10, 10, 3, 3, -0.008184747474747475]
[11, 120, 0, 0, 10, 10, 3, 3, -0.01850113876656566]
[12, 120, 0, 0, 10, 10, 3, 3, -0.008184747474747475]
[13, 120, 0, 0, 10, 10, 3, 3, -0.010386474747474748]
[14, 120, 0, 0, 10, 10, 3, 3, -0.005738383838383839]
[15, 120, 0, 0, 10, 10, 3, 3, -0.022525071892218473]
[17, 120, 0, 0, 10, 10, 3, 3, -0.014151428383838385]
[8, 120, 0, 0, 10, 10, 3, 3, 0.07487905000126552]
[7, 120, 0, 0, 10, 10, 3, 3, -0.027597545778149702]
[9, 120, 0, 0, 10, 10, 3, 3, -0.023791253683811218]
[6, 120, 0, 0, 10, 10, 3, 3, -0.0249565371568549]
[5, 120, 0, 0, 10, 10, 3, 3, -0.009477383838383839]
[4, 36, 0, 1, 10, 10, 3, 3, 0.6884610390032493]
[2, 36, 0, 1, 10, 10, 2, 3, 0.6611867812792434]
[2, 40, 0, 0, 10, 10, 2, 3, -0.09074189017064722]
[3, 40, 0, 0, 10, 10, 2, 3, -0.10531506747225197]
[1, 40, 0, 0, 10, 10, 2, 3, 0.05723778604640389]
[0, 40, 0, 0, 10, 10, 2, 3, -0.07551489461068019]
[4, 36, 0, 1, 10, 10, 2, 3, 0.6670908694219764]
[5, 36, 0, 1, 10, 10, 2, 3, 0.12065089898989902]
[3, 32, 0, 2, 10, 10, 2, 3, 0.5051032180808082]
[4, 32, 0, 2, 10, 10, 2, 3, 0.07687878787878788]
[6, 36, 0, 1, 10, 10, 2, 3, 0.3365568208878788]
[4, 36, 0, 1, 10, 10, 2, 2, 0.4322016539506061]
[5, 36, 0, 1, 10, 10, 2, 2, -0.0030202020202020202]
[5, 36, 0, 1, 10, 10, 2, 1, 0.5786666581995052]
[6, 36, 0, 1, 10, 10, 2, 1, 0.2557773242424243]
[5, 40, 0, 0, 10, 10, 2, 1, -0.020002929292929298]
[11, 90, 1, 1, 10, 10, 3, 3, 0.133050797979798]
[12, 90, 1, 1, 10, 10, 3, 3, 0.08810000000000001]
[6, 100, 1, 0, 10, 10, 3, 3, 0.09487341582760411]
[3, 100, 0, 0, 10, 10, 3, 3, -0.016747505080927375]
[4, 100, 1, 0, 10, 10, 3, 3, 0.15422485912679482]
[5, 100, 1, 0, 10, 10, 3, 3, 0.18468874066313423]
[2, 100, 1, 0, 10, 10, 3, 3, 0.16402306392285157]
[1, 100, 1, 0, 10, 10, 3, 3, -0.003819191919191919]
[3, 100, 1, 0, 10, 10, 3, 3, -0.013222557847373738]
[2, 100, 0, 0, 10, 10, 3, 3, 0.074813404879899]
[1, 100, 0, 0, 10, 10, 3, 3, -0.006720818181818182]
[0, 100, 0, 0, 10, 10, 3, 3, -0.010386474747474748]
[8, 90, 0, 1, 10, 10, 3, 3, 0.46106182012887337]
[7, 90, 0, 1, 10, 10, 3, 3, -0.004030303030303031]
[9, 100, 0, 0, 10, 10, 2, 3, -0.004030303030303031]
[8, 100, 0, 0, 10, 10, 2, 3, -0.01806616575757576]
[7, 100, 0, 0, 10, 10, 2, 3, -0.019588285191929292]
[5, 100, 0, 0, 10, 10, 2, 3, -0.02628737090572497]
[4, 100, 0, 0, 10, 10, 2, 3, 0.07666735927526383]
[4, 100, 0, 0, 10, 10, 1, 3, -0.13920795282929294]
[4, 100, 0, 0, 10, 10, 1, 2, -0.04643807427297267]
[5, 100, 0, 0, 10, 10, 1, 2, -0.045795405152272]
[3, 100, 0, 0, 10, 10, 1, 2, -0.02006717585858586]
[2, 100, 0, 0, 10, 10, 1, 2, -0.03249664845137484]
[1, 100, 0, 0, 10, 10, 1, 2, -0.021539260930303034]
[0, 100, 0, 0, 10, 10, 1, 2, -0.012850111111111112]
[8, 90, 0, 1, 10, 10, 1, 2, 0.15869433333333338]
[6, 90, 0, 1, 10, 10, 1, 2, 0.1925672685858586]
[8, 100, 0, 0, 10, 10, 1, 2, -0.043926171298238156]
[9, 100, 0, 0, 10, 10, 1, 2, -0.028345420039404046]
[7, 100, 0, 0, 10, 10, 1, 2, -0.050733820473548505]
[10, 100, 0, 0, 10, 10, 1, 2, -0.03427114065595768]
[11, 100, 0, 0, 10, 10, 1, 2, -0.04344961499088116]
[6, 100, 0, 0, 10, 10, 1, 2, -0.02979753232421659]
[5, 90, 0, 1, 10, 10, 1, 2, 0.08596969696969697]
[12, 100, 0, 0, 10, 10, 1, 2, -0.00775858585858586]
[11, 90, 0, 1, 10, 10, 1, 2, 0.3330170640415152]
[12, 90, 0, 1, 10, 10, 1, 2, 0.0710879797979798]
[12, 90, 0, 1, 10, 10, 1, 1, -0.004030303030303031]
[9, 90, 0, 1, 10, 10, 1, 1, -0.007657575757575759]
[10, 90, 0, 1, 10, 10, 1, 1, 0.3485776174758586]
[10, 100, 0, 0, 10, 10, 1, 1, -0.03973842320860414]
[11, 100, 0, 0, 10, 10, 1, 1, -0.05244831718309901]
[4, 100, 0, 0, 10, 10, 1, 1, -0.05602556617766272]
[12, 100, 0, 0, 10, 10, 1, 1, -0.032729405130202026]
[9, 100, 0, 0, 10, 10, 1, 1, -0.022568332323232326]
[5, 100, 0, 0, 10, 10, 1, 1, -0.05570622561762757]
[14, 100, 0, 0, 10, 10, 1, 1, -0.023833549595959597]
[2, 100, 0, 0, 10, 10, 1, 1, -0.013669595959595961]
[3, 100, 0, 0, 10, 10, 1, 1, -0.039907497266877784]
[13, 100, 0, 0, 10, 10, 1, 1, -0.013942323232323233]
[11, 100, 1, 0, 10, 10, 3, 3, 0.07449093927569515]
[9, 100, 1, 0, 10, 10, 3, 3, 0.08135231531451884]
[7, 100, 1, 0, 10, 10, 3, 3, 0.1381659980844966]
[12, 100, 1, 0, 10, 10, 3, 3, -0.009477383838383839]
[13, 100, 1, 0, 10, 10, 3, 3, 0.06681533061616163]
[0, 100, 1, 0, 10, 10, 3, 3, 0.087989898989899]
[3, 100, 1, 0, 10, 10, 2, 3, -0.005738383838383839]
[2, 100, 1, 0, 10, 10, 2, 3, -0.011631665656565657]
[4, 100, 1, 0, 10, 10, 2, 3, -0.00482929292929293]
[5, 100, 1, 0, 10, 10, 2, 3, -0.01341506474747475]
[7, 100, 1, 0, 10, 10, 2, 3, -0.00392020202020202]
[6, 100, 1, 0, 10, 10, 2, 3, 0.12405873507181821]
[6, 100, 0, 0, 10, 10, 2, 3, -0.0271281344741671]
[3, 100, 0, 0, 10, 10, 2, 3, -0.025383910641900157]
[2, 100, 0, 0, 10, 10, 2, 3, -0.018451735091929294]
[1, 100, 0, 0, 10, 10, 2, 3, -0.005738383838383839]
[7, 90, 1, 1, 10, 10, 3, 3, 0.16910000000000003]
[5, 54, 1, 1, 10, 10, 3, 3, 0.24119000000000002]
[10, 60, 0, 0, 10, 10, 3, 2, -0.020330145666637232]
[12, 60, 0, 0, 10, 10, 3, 2, -0.013793100139201013]
[11, 60, 0, 0, 10, 10, 3, 2, -0.018319470014332477]
[4, 60, 1, 0, 10, 10, 3, 2, -0.007413382828282829]
[2, 60, 1, 0, 10, 10, 3, 2, -0.010275590000000001]
[3, 60, 1, 0, 10, 10, 3, 2, -0.002809090909090909]
[4, 60, 0, 0, 10, 10, 2, 2, -0.034371723236869496]
[3, 60, 0, 0, 10, 10, 2, 2, -0.027793396262947877]
[2, 60, 0, 0, 10, 10, 2, 2, 0.043112249349910446]
[5, 60, 0, 0, 10, 10, 2, 2, -0.030662048021447123]
[6, 60, 0, 0, 10, 10, 2, 2, -0.03290621202555175]
[7, 60, 0, 0, 10, 10, 2, 2, -0.025960190579175983]
[8, 60, 0, 0, 10, 10, 2, 2, -0.018570829846432636]
[3, 60, 1, 0, 10, 10, 2, 2, -0.020577154549993145]
[2, 60, 1, 0, 10, 10, 2, 2, -0.014423891135381922]
[5, 60, 1, 0, 10, 10, 2, 2, -0.016648869640082047]
[4, 60, 1, 0, 10, 10, 2, 2, -0.010486759282828283]
[1, 60, 1, 0, 10, 10, 2, 2, -0.004437272727272727]
[0, 60, 1, 0, 10, 10, 2, 2, -0.003819191919191919]
[4, 54, 1, 1, 10, 10, 2, 2, -0.0019000000000000002]
[3, 54, 1, 1, 10, 10, 2, 2, -0.0030202020202020202]
[7, 60, 1, 0, 10, 10, 2, 2, -0.01836991691011111]
[9, 60, 1, 0, 10, 10, 2, 2, -0.007366565656565657]
[6, 60, 1, 0, 10, 10, 2, 2, -0.01635284644557201]
[8, 60, 1, 0, 10, 10, 2, 2, -0.008913747474747475]
[10, 60, 0, 0, 10, 10, 2, 2, -0.013092221254555558]
[9, 60, 0, 0, 10, 10, 2, 2, -0.018121521115812743]
[11, 60, 0, 0, 10, 10, 2, 2, -0.013793100139201013]
[12, 60, 0, 0, 10, 10, 2, 2, -0.017385661698818937]
[13, 60, 0, 0, 10, 10, 2, 2, -0.005447373737373738]
[1, 60, 0, 0, 10, 10, 2, 2, -0.02053483017850029]
[5, 54, 0, 1, 10, 10, 2, 2, 0.07564180808080809]
[6, 54, 0, 1, 10, 10, 2, 2, -0.0030202020202020202]
[7, 54, 0, 1, 10, 10, 2, 2, -0.005839393939393939]
[2, 60, 0, 0, 10, 10, 1, 2, -0.0319589483950214]
[5, 60, 0, 0, 10, 10, 1, 2, -0.007862220202020199]
[3, 60, 0, 0, 10, 10, 1, 2, -0.023654219947511775]
[4, 60, 0, 0, 10, 10, 1, 2, -0.02464181570996475]
[6, 60, 0, 0, 10, 10, 1, 2, -0.011901395646464646]
[1, 60, 0, 0, 10, 10, 1, 2, -0.008231564646464648]
[9, 54, 1, 1, 10, 10, 3, 3, 0.150461]
[8, 54, 1, 1, 10, 10, 3, 3, 0.16910000000000003]
[0, 60, 0, 0, 10, 10, 3, 2, -0.0030202020202020202]
[4, 54, 0, 1, 10, 10, 3, 2, 0.14496706060606063]
[4, 60, 0, 0, 10, 10, 3, 1, -0.029612413300798616]
[3, 60, 0, 0, 10, 10, 3, 1, -0.030065718054676203]
[1, 60, 0, 0, 10, 10, 3, 1, 0.0832049866899909]
[7, 54, 0, 1, 10, 10, 3, 3, -0.0030202020202020202]
[10, 60, 0, 0, 10, 10, 3, 3, -0.02157770569225555]
[11, 60, 0, 0, 10, 10, 3, 3, -0.01967122691011111]
[12, 60, 0, 0, 10, 10, 3, 3, -0.02072430623930202]
[13, 60, 0, 0, 10, 10, 3, 3, -0.023292766723198646]
[14, 60, 0, 0, 10, 10, 3, 3, -0.0030202020202020202]
